Tempo[s],AceleracaoX[g][m/s2],AceleracaoY[g][m/s2],AceleracaoZ[g][m/s2],VelocidadeX[o/s],VelocidadeY[o/s],VelocidadeZ[o/s],AnguloX[o],AnguloY[o],AnguloZ[o],Temperatura[C]
0.0146799087524,-0.0279676485892,0.258281086545,0.965664895792,0.662916834071,-0.823590464677,-0.0499196463992,-1.60263720102,14.968092315,74.9423450505,25.6123529412
1.05018401146,-0.0292129072142,0.280113637538,0.959522254102,1.17436721575,-0.96099504483,0.0569505826084,-1.67401444725,16.2669870664,73.6423194456,25.7064705882
2.07166099548,-0.033373338372,0.270976024936,0.962007387807,1.4797107272,-0.548781304372,0.896645239097,-1.91250656758,15.7223542686,74.1557427568,25.8476470588
3.09307193756,-0.0283642827194,0.267947679113,0.963015840329,1.24306950583,0.031371367384,0.224889513906,-1.6253716825,15.5421782257,74.3687690938,25.8947058824
4.11447501183,-0.0151872280997,0.315706849072,0.948735228371,-1.54319003616,-0.251071380708,-0.0270188830405,-0.87019752692,18.4034908927,71.5744624995,25.8947058824
5.13575792313,-0.0189768732521,0.245445535101,0.96922462184,0.678184009644,0.321447703262,0.606568903219,-1.08736001602,14.2081649885,75.7485364806,25.8476470588
6.15692687035,-0.0303430479254,0.301454358818,0.952997675229,0.464443551628,-0.0220637471198,-0.53846926472,-1.73879547165,17.5449762396,72.3634667393,26.6947058824
7.18031406403,-0.0199741828186,0.268366293276,0.963109840389,-0.993571715547,0.214577474254,0.606568903219,-1.14451248731,15.5670748852,74.3887701073,26.6476470588
8.20207691193,-0.0101929333962,0.259156365957,0.965781591299,-1.63479308959,0.390149993338,0.805042185662,-0.584022177675,15.0200097828,74.9681032723,26.0358823529
9.22339701653,-0.0196690789075,0.298849647959,0.954097487288,-1.9096022499,1.08480648189,-1.63007231815,-1.12702788566,17.3885234175,72.5726526541,26.0829411765
10.2447059155,-0.0232088575031,0.257137932976,0.966095974714,-1.15387705906,0.642058390285,0.499698674211,-1.3298889915,14.9003047367,75.0377127421,26.0358823529
